CIRCUIT du drone arrete par arrete 

0 :  [1, 195]
1 :  [195, 195]
2 :  [195, 5]
3 :  [5, 195]
4 :  [195, 1]
5 :  [1, 37]
6 :  [37, 37]
7 :  [37, 37]
8 :  [37, 10]
9 :  [10, 10]
10 :  [10, 418]
11 :  [418, 10]
12 :  [10, 20]
13 :  [20, 10]
14 :  [10, 20]
15 :  [20, 10]
16 :  [10, 80]
17 :  [80, 10]
18 :  [10, 10]
19 :  [10, 10]
20 :  [10, 10]
21 :  [10, 10]
22 :  [10, 79]
23 :  [79, 19]
24 :  [19, 79]
25 :  [79, 10]
26 :  [10, 5]
27 :  [5, 10]
28 :  [10, 1]
29 :  [1, 10]
30 :  [10, 80]
31 :  [80, 10]
32 :  [10, 10]
33 :  [10, 5]
34 :  [5, 10]
35 :  [10, 10]
36 :  [10, 10]
37 :  [10, 238]
38 :  [238, 238]
39 :  [238, 197]
40 :  [197, 234]
41 :  [234, 234]
42 :  [234, 234]
43 :  [234, 197]
44 :  [197, 19]
45 :  [19, 19]
46 :  [19, 19]
47 :  [19, 197]
48 :  [197, 238]
49 :  [238, 197]
50 :  [197, 264]
51 :  [264, 197]
52 :  [197, 26]
53 :  [26, 418]
54 :  [418, 22]
55 :  [22, 22]
56 :  [22, 22]
57 :  [22, 10]
58 :  [10, 26]
59 :  [26, 26]
60 :  [26, 26]
61 :  [26, 26]
62 :  [26, 414]
63 :  [414, 26]
64 :  [26, 26]
65 :  [26, 10]
66 :  [10, 26]
67 :  [26, 26]
68 :  [26, 10]
69 :  [10, 10]
70 :  [10, 26]
71 :  [26, 61]
72 :  [61, 26]
73 :  [26, 23]
74 :  [23, 85]
75 :  [85, 23]
76 :  [23, 26]
77 :  [26, 26]
78 :  [26, 199]
79 :  [199, 160]
80 :  [160, 26]
81 :  [26, 26]
82 :  [26, 26]
83 :  [26, 21]
84 :  [21, 26]
85 :  [26, 26]
86 :  [26, 5]
87 :  [5, 5]
88 :  [5, 147]
89 :  [147, 147]
90 :  [147, 147]
91 :  [147, 1]
92 :  [1, 1]
93 :  [1, 5]
94 :  [5, 10]
95 :  [10, 10]
96 :  [10, 26]
97 :  [26, 26]
98 :  [26, 26]
99 :  [26, 61]
100 :  [61, 26]
101 :  [26, 26]
102 :  [26, 5]
103 :  [5, 10]
104 :  [10, 10]
105 :  [10, 10]
106 :  [10, 10]
107 :  [10, 10]
108 :  [10, 5]
109 :  [5, 1]
110 :  [1, 5]
111 :  [5, 1]
112 :  [1, 5]
113 :  [5, 5]
114 :  [5, 10]
115 :  [10, 1]
116 :  [1, 10]
117 :  [10, 26]
118 :  [26, 10]
119 :  [10, 26]
120 :  [26, 26]
121 :  [26, 26]
122 :  [26, 5]
123 :  [5, 10]
124 :  [10, 19]
125 :  [19, 9]
126 :  [9, 76]
127 :  [76, 85]
128 :  [85, 76]
129 :  [76, 23]
130 :  [23, 76]
131 :  [76, 9]
132 :  [9, 19]
133 :  [19, 19]
134 :  [19, 10]
135 :  [10, 10]
136 :  [10, 26]
137 :  [26, 9]
138 :  [9, 21]
139 :  [21, 10]
140 :  [10, 10]
141 :  [10, 23]
142 :  [23, 26]
143 :  [26, 61]
144 :  [61, 13]
145 :  [13, 61]
146 :  [61, 10]
147 :  [10, 10]
148 :  [10, 10]
149 :  [10, 10]
150 :  [10, 10]
151 :  [10, 10]
152 :  [10, 9]
153 :  [9, 10]
154 :  [10, 23]
155 :  [23, 5]
156 :  [5, 22]
157 :  [22, 5]
158 :  [5, 10]
159 :  [10, 5]
160 :  [5, 10]
161 :  [10, 19]
162 :  [19, 10]
163 :  [10, 10]
164 :  [10, 10]
165 :  [10, 238]
166 :  [238, 1]
167 :  [1, 10]
168 :  [10, 10]
169 :  [10, 10]
170 :  [10, 10]
171 :  [10, 5]
172 :  [5, 10]
173 :  [10, 5]
174 :  [5, 10]
175 :  [10, 5]
176 :  [5, 10]
177 :  [10, 5]
178 :  [5, 10]
179 :  [10, 19]
180 :  [19, 10]
181 :  [10, 418]
182 :  [418, 5]
183 :  [5, 26]
184 :  [26, 195]
185 :  [195, 26]
186 :  [26, 26]
187 :  [26, 197]
188 :  [197, 271]
189 :  [271, 468]
190 :  [468, 271]
191 :  [271, 37]
192 :  [37, 195]
193 :  [195, 103]
194 :  [103, 19]
195 :  [19, 103]
196 :  [103, 206]
197 :  [206, 76]
198 :  [76, 76]
199 :  [76, 9]
200 :  [9, 19]
201 :  [19, 76]
202 :  [76, 9]
203 :  [9, 19]
204 :  [19, 195]
205 :  [195, 37]
206 :  [37, 264]
207 :  [264, 9]
208 :  [9, 9]
209 :  [9, 9]
210 :  [9, 9]
211 :  [9, 9]
212 :  [9, 9]
213 :  [9, 9]
214 :  [9, 9]
215 :  [9, 9]
216 :  [9, 206]
217 :  [206, 9]
218 :  [9, 76]
219 :  [76, 76]
220 :  [76, 76]
221 :  [76, 76]
222 :  [76, 76]
223 :  [76, 29]
224 :  [29, 76]
225 :  [76, 9]
226 :  [9, 9]
227 :  [9, 9]
228 :  [9, 9]
229 :  [9, 9]
230 :  [9, 9]
231 :  [9, 9]
232 :  [9, 76]
233 :  [76, 19]
234 :  [19, 430]
235 :  [430, 9]
236 :  [9, 430]
237 :  [430, 9]
238 :  [9, 26]
239 :  [26, 26]
240 :  [26, 26]
241 :  [26, 26]
242 :  [26, 85]
243 :  [85, 26]
244 :  [26, 26]
245 :  [26, 26]
246 :  [26, 26]
247 :  [26, 9]
248 :  [9, 9]
249 :  [9, 171]
250 :  [171, 9]
251 :  [9, 9]
252 :  [9, 9]
253 :  [9, 9]
254 :  [9, 9]
255 :  [9, 9]
256 :  [9, 9]
257 :  [9, 234]
258 :  [234, 195]
259 :  [195, 234]
260 :  [234, 9]
261 :  [9, 195]
262 :  [195, 402]
263 :  [402, 195]
264 :  [195, 9]
265 :  [9, 9]
266 :  [9, 9]
267 :  [9, 9]
268 :  [9, 195]
269 :  [195, 9]
270 :  [9, 9]
271 :  [9, 9]
272 :  [9, 9]
273 :  [9, 9]
274 :  [9, 9]
275 :  [9, 9]
276 :  [9, 9]
277 :  [9, 9]
278 :  [9, 9]
279 :  [9, 9]
280 :  [9, 9]
281 :  [9, 9]
282 :  [9, 9]
283 :  [9, 9]
284 :  [9, 9]
285 :  [9, 9]
286 :  [9, 171]
287 :  [171, 9]
288 :  [9, 9]
289 :  [9, 9]
290 :  [9, 26]
291 :  [26, 1]
292 :  [1, 9]
293 :  [9, 171]
294 :  [171, 1]
295 :  [1, 1]
296 :  [1, 1]
297 :  [1, 1]
298 :  [1, 13]
299 :  [13, 13]
300 :  [13, 13]
301 :  [13, 234]
302 :  [234, 1]
303 :  [1, 234]
304 :  [234, 234]
305 :  [234, 234]
306 :  [234, 180]
307 :  [180, 234]
308 :  [234, 76]
309 :  [76, 76]
310 :  [76, 76]
311 :  [76, 234]
312 :  [234, 180]
313 :  [180, 9]
314 :  [9, 180]
315 :  [180, 234]
316 :  [234, 1]
317 :  [1, 234]
318 :  [234, 9]
319 :  [9, 9]
320 :  [9, 76]
321 :  [76, 9]
322 :  [9, 9]
323 :  [9, 137]
324 :  [137, 9]
325 :  [9, 9]
326 :  [9, 9]
327 :  [9, 9]
328 :  [9, 9]
329 :  [9, 9]
330 :  [9, 9]
331 :  [9, 137]
332 :  [137, 9]
333 :  [9, 9]
334 :  [9, 9]
335 :  [9, 76]
336 :  [76, 85]
337 :  [85, 85]
338 :  [85, 85]
339 :  [85, 85]
340 :  [85, 13]
341 :  [13, 85]
342 :  [85, 85]
343 :  [85, 435]
344 :  [435, 85]
345 :  [85, 85]
346 :  [85, 85]
347 :  [85, 13]
348 :  [13, 146]
349 :  [146, 13]
350 :  [13, 85]
351 :  [85, 9]
352 :  [9, 9]
353 :  [9, 9]
354 :  [9, 76]
355 :  [76, 9]
356 :  [9, 9]
357 :  [9, 76]
358 :  [76, 9]
359 :  [9, 9]
360 :  [9, 9]
361 :  [9, 29]
362 :  [29, 9]
363 :  [9, 9]
364 :  [9, 19]
365 :  [19, 9]
366 :  [9, 9]
367 :  [9, 5]
368 :  [5, 9]
369 :  [9, 10]
370 :  [10, 10]
371 :  [10, 5]
372 :  [5, 5]
373 :  [5, 9]
374 :  [9, 1]
375 :  [1, 10]
376 :  [10, 5]
377 :  [5, 1]
378 :  [1, 1]
379 :  [1, 1]
380 :  [1, 1]
381 :  [1, 9]
382 :  [9, 9]
383 :  [9, 9]
384 :  [9, 9]
385 :  [9, 9]
386 :  [9, 161]
387 :  [161, 9]
388 :  [9, 402]
389 :  [402, 13]
390 :  [13, 29]
391 :  [29, 26]
392 :  [26, 26]
393 :  [26, 26]
394 :  [26, 1]
395 :  [1, 29]
396 :  [29, 13]
397 :  [13, 13]
398 :  [13, 9]
399 :  [9, 9]
400 :  [9, 9]
401 :  [9, 17]
402 :  [17, 9]
403 :  [9, 9]
404 :  [9, 9]
405 :  [9, 9]
406 :  [9, 9]
407 :  [9, 9]
408 :  [9, 13]
409 :  [13, 1]
410 :  [1, 1]
411 :  [1, 1]
412 :  [1, 1]
413 :  [1, 1]
414 :  [1, 1]
415 :  [1, 1]
416 :  [1, 80]
417 :  [80, 19]
418 :  [19, 19]
419 :  [19, 10]
420 :  [10, 1]
421 :  [1, 1]
422 :  [1, 5]
423 :  [5, 1]
424 :  [1, 10]
425 :  [10, 19]
426 :  [19, 19]
427 :  [19, 1]
428 :  [1, 19]
429 :  [19, 19]
430 :  [19, 19]
431 :  [19, 19]
432 :  [19, 10]
433 :  [10, 19]
434 :  [19, 19]
435 :  [19, 10]
436 :  [10, 10]
437 :  [10, 5]
438 :  [5, 10]
439 :  [10, 10]
440 :  [10, 10]
441 :  [10, 10]
442 :  [10, 5]
443 :  [5, 10]
444 :  [10, 5]
445 :  [5, 10]
446 :  [10, 5]
447 :  [5, 10]
448 :  [10, 10]
449 :  [10, 10]
450 :  [10, 10]
451 :  [10, 10]
452 :  [10, 10]
453 :  [10, 10]
454 :  [10, 1]
455 :  [1, 1]
456 :  [1, 10]
457 :  [10, 10]
458 :  [10, 5]
459 :  [5, 418]
460 :  [418, 10]
461 :  [10, 1]
462 :  [1, 17]
463 :  [17, 195]
464 :  [195, 1]
465 :  [1, 1]
466 :  [1, 234]
467 :  [234, 1]
468 :  [1, 1]
469 :  [1, 1]
470 :  [1, 80]
471 :  [80, 1]
472 :  [1, 1]
473 :  [1, 5]
474 :  [5, 1]
